{
    "levelName": "SaveGame",
    "playerPosition": {
        "x": 10.982999801635743,
        "y": 0.699998140335083,
        "z": 3.4402182791382076e-7
    },
    "playerStamina": 100.0,
    "playerHunger": 92.62996673583985,
    "playerThirst": 90.17186737060547,
    "playerFatigue": 97.5434799194336,
    "playerExposure": 90.0
}