{
    "levelName": "SaveGame",
    "playerPosition": {
        "x": 17.18000030517578,
        "y": 0.5,
        "z": 1.8395600318908692
    },
    "playerStamina": 100.0,
    "playerHunger": 21.540416717529298,
    "playerThirst": 0.0,
    "playerFatigue": 73.84293365478516,
    "playerExposure": 0.0
}