{
    "levelName": "TestSaveGame",
    "playerPosition": {
        "x": 1.8770370483398438,
        "y": 1.0799998044967652,
        "z": 0.16425800323486329
    },
    "playerStamina": 100.0,
    "playerHunger": 93.03633117675781,
    "playerThirst": 90.71391296386719,
    "playerFatigue": 97.6792221069336,
    "playerExposure": 0.0,
    "currentTime": 0.011654711328446865,
    "puzzles": []
}